14 1.255093516763722879173091003232857070130650899913269851336588823459118544 4 1 9 1 12 0 2 1 0 -1 1 0 -1 0 1
18 1.280082037220361706265365572212203513660130765208600729506104891320767102 4 1 9 3 12 4 2 1 1 0 -1 -1 0 0 0 0 1
26 1.234500336789244133453711133223999323414051384844779226413991445847224441 8 1 17 3 20 4 2 1 0 -1 1 0 -1 1 0 -1 1 0 -1 0 1
18 1.219446875940930338944480950247381932975045313380379322750623924694126696 6 1 13 3 12 4 2 1 1 1 0 -1 -1 -1 0 0 1
38 1.295866963943842912993783240396164693315159831376949778908972844818332859 12 1 25 5 28 8 2 1 0 -1 1 0 -1 1 0 -1 1 0 -1 1 0 -1 1 0 -1 0 1
44 1.277465838962641981873197447081069617534141892724229688044276685972404707 14 1 29 6 32 12 0 1 0 -1 1 0 -1 1 0 -1 1 0 -1 1 0 -1 1 0 -1 1 0 -1 0 1
36 1.272095458987888836668426984259917175556105111173632785620548232824606242 10 1 21 6 24 12 0 1 1 1 0 -1 -1 -1 0 0 1 0 0 -1 -1 0 0 1 0 1
62 1.291382684886649011278562392495850152638662753512608656198612979822012137 20 1 41 9 44 16 2 1 0 -1 1 0 -1 1 0 -1 1 0 -1 1 0 -1 1 0 -1 1 0 -1 1 0 -1 1 0 -1 1 0 -1 0 1
62 1.291940705475668276105380387471561846851136557799219936766539829149020014 15 1 31 9 44 16 2 1 1 0 -1 -1 0 0 0 0 1 1 0 -1 -1 0 0 0 0 1 1 0 -1 -1 0 0 0 0 1 1 0 -1 -1
64 1.291843157127908500008725336044995916895204751453743718896976860248491108 14 1 29 11 42 20 2 1 1 1 1 0 0 0 0 0 0 -1 -1 -1 -1 0 0 0 0 0 0 1 1 1 1 0 0 0 0 0 0 -1 -1 -1
80 1.291913418285153248072482367257529911813691372975280978507561750282542740 26 1 53 10 60 20 0 1 0 -1 1 0 -1 1 0 -1 1 0 -1 1 0 -1 1 0 -1 1 0 -1 1 0 -1 1 0 -1 1 0 -1 1 0 -1 1 0 -1 1 0 -1 0 1
82 1.297647168630598757831766681909744041703171485155527020783760995600081096 17 1 35 14 54 28 0 1 1 1 1 0 0 0 0 0 0 -1 -1 -1 -1 0 0 0 0 0 0 1 1 1 1 0 0 0 0 0 0 -1 -1 -1 -1 0 0 0 0 0 0 1 1
98 1.299791108622670547803133710827565491888451175592146708155888510411887546 32 1 65 13 72 24 2 1 0 -1 1 0 -1 1 0 -1 1 0 -1 1 0 -1 1 0 -1 1 0 -1 1 0 -1 1 0 -1 1 0 -1 1 0 -1 1 0 -1 1 0 -1 1 0 -1 1 0 -1 1 0 -1 0 1
100 1.299183992904530356734583396921833982691919949392406506987149287164905843 14 1 29 15 70 28 2 1 0 0 1 0 1 0 0 1 0 0 0 0 0 0 -1 0 0 -1 0 -1 0 0 -1 0 0 0 0 0 0 1 0 0 1 0 1 0 0 1 0 0 0 0 0 0 -1 0 0 -1 0 -1
102 1.293857396540606882931793650872540819691027099674513050392740171830735192 39 2 111 15 72 28 2 1 0 0 1 -1 0 1 -1 0 1 -2 0 1 -2 1 1 -2 1 1 -2 2 1 -2 2 0 -2 2 0 -2 2 -1 -2 2 -1 -1 2 -1 -1 2 -1 0 2 -1 0 1 -1 0 1 -1 0 0 -1
120 1.299008794104297296277038426739564196141524615958735681163458783051006086 40 2 113 18 84 36 0 1 0 0 1 -1 0 1 -1 0 1 -2 0 1 -2 1 1 -2 1 1 -2 2 1 -2 2 0 -2 2 0 -2 2 -1 -2 2 -1 -1 2 -1 -1 2 -1 0 2 -1 0 1 -1 0 1 -1 0 0 -1 0 0 0 0 0 0 0 0 1
